"bio1" "bio2" "bio3" "bio4" "bio5" "bio6" "bio8" "bio9" "bio10" "bio11" "bio12" "bio13" "bio14" "bio15" "bio16" "bio17" "bio18" "bio19"
"1" 80 56 25 6129 202 -21 156 25 161 6 580 62 32 20 178 102 166 134
"2" 80 56 25 6129 202 -21 156 25 161 6 580 62 32 20 178 102 166 134
"3" 80 56 25 6129 202 -21 156 25 161 6 580 62 32 20 178 102 166 134
"4" 80 56 25 6129 202 -21 156 25 161 6 580 62 32 20 178 102 166 134
"5" 80 56 25 6129 202 -21 156 25 161 6 580 62 32 20 178 102 166 134
"6" 75 57 25 6125 198 -27 150 20 155 1 617 68 35 20 189 110 177 145
"7" 75 57 25 6125 198 -27 150 20 155 1 617 68 35 20 189 110 177 145
"8" 75 57 25 6125 198 -27 150 20 155 1 617 68 35 20 189 110 177 145
"9" 75 57 25 6125 198 -27 150 20 155 1 617 68 35 20 189 110 177 145
"10" 75 57 25 6125 198 -27 150 20 155 1 617 68 35 20 189 110 177 145
"11" 75 62 25 6565 212 -35 155 18 161 -6 498 59 29 22 163 88 149 111
"12" 75 62 25 6565 212 -35 155 18 161 -6 498 59 29 22 163 88 149 111
"13" 62 72 25 7358 217 -67 148 1 160 -29 553 70 26 30 195 87 186 114
"14" 62 72 25 7358 217 -67 148 1 160 -29 553 70 26 30 195 87 186 114
"15" 61 74 25 7419 217 -69 147 0 159 -31 558 71 27 30 199 88 189 111
"16" 61 74 25 7419 217 -69 147 0 159 -31 558 71 27 30 199 88 189 111
"17" 32 84 24 8728 206 -131 133 -35 146 -80 633 73 36 25 203 111 184 140
"18" 77 62 25 6500 211 -31 156 20 162 -3 540 63 32 21 174 97 158 122
"19" 77 62 25 6500 211 -31 156 20 162 -3 540 63 32 21 174 97 158 122
"20" 77 62 25 6500 211 -31 156 20 162 -3 540 63 32 21 174 97 158 122
"21" 76 61 26 6178 201 -31 150 22 157 1 683 72 37 22 208 121 195 164
"22" 24 87 25 8564 196 -140 122 -39 135 -87 642 74 36 24 215 113 198 136
"23" 33 81 24 8533 203 -124 133 -33 145 -75 684 77 40 24 214 123 189 156
"24" 76 58 25 6132 199 -27 151 21 157 2 612 68 35 20 188 109 176 144
"25" 76 58 25 6132 199 -27 151 21 157 2 612 68 35 20 188 109 176 144
"26" 34 82 24 8606 205 -126 134 -33 146 -76 654 74 38 24 206 117 184 148
"27" 34 82 24 8606 205 -126 134 -33 146 -76 654 74 38 24 206 117 184 148
"28" 34 82 24 8606 205 -126 134 -33 146 -76 654 74 38 24 206 117 184 148
"29" 34 82 24 8606 205 -126 134 -33 146 -76 654 74 38 24 206 117 184 148
"30" 34 82 24 8606 205 -126 134 -33 146 -76 654 74 38 24 206 117 184 148
"31" 33 82 24 8664 206 -127 135 -34 147 -77 644 74 37 25 205 114 183 145
"32" 33 82 24 8664 206 -127 135 -34 147 -77 644 74 37 25 205 114 183 145
"33" 77 61 26 6218 205 -27 153 23 159 2 595 68 34 21 185 106 172 139
"34" 77 61 26 6218 205 -27 153 23 159 2 595 68 34 21 185 106 172 139
"35" 77 61 26 6218 205 -27 153 23 159 2 595 68 34 21 185 106 172 139
"36" 77 61 26 6218 205 -27 153 23 159 2 595 68 34 21 185 106 172 139
"37" 76 61 26 6186 201 -30 151 23 158 2 682 70 37 21 206 122 194 164
"38" 76 61 26 6186 201 -30 151 23 158 2 682 70 37 21 206 122 194 164
"39" 30 84 25 8359 198 -127 127 -34 139 -77 683 77 40 23 219 125 193 152
"40" 35 82 24 8616 206 -124 136 -32 148 -75 656 74 38 25 207 117 183 148
"41" 74 63 26 6242 202 -34 149 20 157 -1 699 75 39 21 215 123 201 168
"42" 74 63 26 6242 202 -34 149 20 157 -1 699 75 39 21 215 123 201 168
"43" 74 63 26 6242 202 -34 149 20 157 -1 699 75 39 21 215 123 201 168
"44" 74 63 26 6242 202 -34 149 20 157 -1 699 75 39 21 215 123 201 168
"45" 74 63 26 6242 202 -34 149 20 157 -1 699 75 39 21 215 123 201 168
"46" 78 60 26 6158 201 -27 152 24 158 3 668 68 36 21 200 120 189 161
"47" 78 59 25 6203 205 -25 154 23 160 3 582 65 34 20 179 106 163 138
"48" 75 63 26 6228 204 -32 150 21 157 0 665 73 37 21 206 117 192 158
"49" 37 82 25 8501 206 -121 136 -29 148 -72 660 74 38 24 207 119 183 149
"50" 37 82 25 8501 206 -121 136 -29 148 -72 660 74 38 24 207 119 183 149
"51" 32 83 24 8665 205 -128 133 -34 146 -78 645 74 37 24 206 114 185 144
"52" 32 83 24 8665 205 -128 133 -34 146 -78 645 74 37 24 206 114 185 144
"53" 31 83 24 8667 204 -130 132 -36 145 -80 645 74 37 24 206 114 185 144
"54" 31 83 24 8667 204 -130 132 -36 145 -80 645 74 37 24 206 114 185 144
"55" 78 61 25 6444 211 -28 157 22 163 -1 549 62 32 21 174 99 157 125
"56" 77 63 25 6531 213 -31 157 21 163 -3 518 61 31 22 168 93 154 116
"57" 78 60 26 6174 202 -27 153 25 159 4 664 68 36 21 199 119 187 161
"58" 78 60 26 6174 202 -27 153 25 159 4 664 68 36 21 199 119 187 161
"59" 78 61 26 6157 201 -28 152 24 158 3 656 68 35 22 200 116 188 155
"60" 77 63 25 6531 213 -31 157 21 163 -3 518 61 31 22 168 93 154 116
"61" 77 63 25 6531 213 -31 157 21 163 -3 518 61 31 22 168 93 154 116
"62" 79 61 26 6162 203 -26 154 26 160 5 639 67 34 21 195 113 184 151
"63" 79 61 26 6162 203 -26 154 26 160 5 639 67 34 21 195 113 184 151
"64" 79 61 26 6162 203 -26 154 26 160 5 639 67 34 21 195 113 184 151
"65" 79 61 26 6162 203 -26 154 26 160 5 639 67 34 21 195 113 184 151
"66" 79 61 26 6162 203 -26 154 26 160 5 639 67 34 21 195 113 184 151
"67" 79 61 26 6162 203 -26 154 26 160 5 639 67 34 21 195 113 184 151
"68" 79 61 26 6162 203 -26 154 26 160 5 639 67 34 21 195 113 184 151
"69" 79 61 26 6162 203 -26 154 26 160 5 639 67 34 21 195 113 184 151
"70" 79 61 26 6162 203 -26 154 26 160 5 639 67 34 21 195 113 184 151
"71" 79 61 26 6162 203 -26 154 26 160 5 639 67 34 21 195 113 184 151
"72" 79 61 26 6162 203 -26 154 26 160 5 639 67 34 21 195 113 184 151
"73" 79 61 26 6162 203 -26 154 26 160 5 639 67 34 21 195 113 184 151
"74" 78 61 26 6157 201 -28 152 24 158 3 656 68 35 22 200 116 188 155
"75" 79 61 26 6188 203 -29 153 26 160 4 654 69 35 22 202 115 190 153
"76" 79 61 26 6188 203 -29 153 26 160 4 654 69 35 22 202 115 190 153
"77" 79 61 26 6188 203 -29 153 26 160 4 654 69 35 22 202 115 190 153
"78" 79 61 26 6188 203 -29 153 26 160 4 654 69 35 22 202 115 190 153
"79" 79 61 26 6188 203 -29 153 26 160 4 654 69 35 22 202 115 190 153
"80" 79 61 26 6188 203 -29 153 26 160 4 654 69 35 22 202 115 190 153
"81" 79 61 26 6188 203 -29 153 26 160 4 654 69 35 22 202 115 190 153
"82" 79 61 26 6188 203 -29 153 26 160 4 654 69 35 22 202 115 190 153
"83" 79 61 26 6188 203 -29 153 26 160 4 654 69 35 22 202 115 190 153
"84" 79 61 26 6188 203 -29 153 26 160 4 654 69 35 22 202 115 190 153
"85" 78 61 26 6157 201 -28 152 24 158 3 656 68 35 22 200 116 188 155
"86" 78 61 26 6157 201 -28 152 24 158 3 656 68 35 22 200 116 188 155
"87" 76 61 26 6205 200 -32 150 22 157 0 694 72 37 22 212 122 199 165
"88" 76 61 26 6205 200 -32 150 22 157 0 694 72 37 22 212 122 199 165
"89" 76 61 26 6205 200 -32 150 22 157 0 694 72 37 22 212 122 199 165
"90" 76 61 26 6205 200 -32 150 22 157 0 694 72 37 22 212 122 199 165
"91" 76 61 26 6205 200 -32 150 22 157 0 694 72 37 22 212 122 199 165
"92" 76 61 26 6205 200 -32 150 22 157 0 694 72 37 22 212 122 199 165
"93" 76 61 26 6205 200 -32 150 22 157 0 694 72 37 22 212 122 199 165
"94" 76 61 26 6205 200 -32 150 22 157 0 694 72 37 22 212 122 199 165
"95" 76 61 26 6205 200 -32 150 22 157 0 694 72 37 22 212 122 199 165
"96" 76 61 26 6205 200 -32 150 22 157 0 694 72 37 22 212 122 199 165
"97" 73 61 26 6205 199 -34 148 19 154 -2 709 74 39 21 215 126 202 171
"98" 73 61 26 6205 199 -34 148 19 154 -2 709 74 39 21 215 126 202 171
"99" 73 61 26 6205 199 -34 148 19 154 -2 709 74 39 21 215 126 202 171
"100" 73 61 26 6205 199 -34 148 19 154 -2 709 74 39 21 215 126 202 171
"101" 73 61 26 6205 199 -34 148 19 154 -2 709 74 39 21 215 126 202 171
"102" 73 61 26 6205 199 -34 148 19 154 -2 709 74 39 21 215 126 202 171
"103" 73 61 26 6205 199 -34 148 19 154 -2 709 74 39 21 215 126 202 171
"104" 73 61 26 6205 199 -34 148 19 154 -2 709 74 39 21 215 126 202 171
"105" 73 61 26 6205 199 -34 148 19 154 -2 709 74 39 21 215 126 202 171
"106" 73 61 26 6205 199 -34 148 19 154 -2 709 74 39 21 215 126 202 171
"107" 79 61 26 6162 203 -26 154 26 160 5 639 67 34 21 195 113 184 151
"108" 30 84 25 8359 198 -127 127 -34 139 -77 683 77 40 23 219 125 193 152
"109" 30 84 25 8359 198 -127 127 -34 139 -77 683 77 40 23 219 125 193 152
"110" 30 84 25 8359 198 -127 127 -34 139 -77 683 77 40 23 219 125 193 152
"111" 30 84 25 8359 198 -127 127 -34 139 -77 683 77 40 23 219 125 193 152
"112" 33 82 24 8664 206 -127 135 -34 147 -77 644 74 37 25 205 114 183 145
"113" 33 82 24 8664 206 -127 135 -34 147 -77 644 74 37 25 205 114 183 145
"114" 33 82 24 8664 206 -127 135 -34 147 -77 644 74 37 25 205 114 183 145
"115" 33 82 24 8664 206 -127 135 -34 147 -77 644 74 37 25 205 114 183 145
"116" 30 84 25 8359 198 -127 127 -34 139 -77 683 77 40 23 219 125 193 152
"117" 30 84 25 8359 198 -127 127 -34 139 -77 683 77 40 23 219 125 193 152
"118" 34 83 24 8670 208 -126 136 -32 148 -76 635 73 37 25 202 112 180 143
"119" 76 58 25 6132 199 -27 151 21 157 2 612 68 35 20 188 109 176 144
"120" 76 58 25 6132 199 -27 151 21 157 2 612 68 35 20 188 109 176 144
"121" 76 58 25 6132 199 -27 151 21 157 2 612 68 35 20 188 109 176 144
"122" 76 58 25 6132 199 -27 151 21 157 2 612 68 35 20 188 109 176 144
"123" 76 58 25 6132 199 -27 151 21 157 2 612 68 35 20 188 109 176 144
"124" 76 58 25 6132 199 -27 151 21 157 2 612 68 35 20 188 109 176 144
"125" 76 58 25 6132 199 -27 151 21 157 2 612 68 35 20 188 109 176 144
"126" 76 58 25 6132 199 -27 151 21 157 2 612 68 35 20 188 109 176 144
"127" 76 58 25 6132 199 -27 151 21 157 2 612 68 35 20 188 109 176 144
"128" 76 58 25 6132 199 -27 151 21 157 2 612 68 35 20 188 109 176 144
"129" 76 58 25 6132 199 -27 151 21 157 2 612 68 35 20 188 109 176 144
"130" 34 82 24 8606 205 -126 134 -33 146 -76 654 74 38 24 206 117 184 148
"131" 34 82 24 8606 205 -126 134 -33 146 -76 654 74 38 24 206 117 184 148
"132" 31 84 25 8694 205 -131 132 -35 145 -80 642 74 37 24 206 114 186 143
"133" 31 84 25 8694 205 -131 132 -35 145 -80 642 74 37 24 206 114 186 143
"134" 31 84 25 8694 205 -131 132 -35 145 -80 642 74 37 24 206 114 186 143
"135" 31 84 25 8694 205 -131 132 -35 145 -80 642 74 37 24 206 114 186 143
"136" 35 82 24 8616 206 -124 136 -32 148 -75 656 74 38 25 207 117 183 148
"137" 35 82 24 8616 206 -124 136 -32 148 -75 656 74 38 25 207 117 183 148
"138" 32 83 24 8665 205 -128 133 -34 146 -78 645 74 37 24 206 114 185 144
"139" 31 83 24 8667 204 -130 132 -36 145 -80 645 74 37 24 206 114 185 144
"140" 31 83 24 8667 204 -130 132 -36 145 -80 645 74 37 24 206 114 185 144
"141" 31 83 24 8667 204 -130 132 -36 145 -80 645 74 37 24 206 114 185 144
"142" 31 83 24 8667 204 -130 132 -36 145 -80 645 74 37 24 206 114 185 144
"143" 31 83 24 8667 204 -130 132 -36 145 -80 645 74 37 24 206 114 185 144
"144" 78 61 26 6157 201 -28 152 24 158 3 656 68 35 22 200 116 188 155
"145" 72 64 26 6306 203 -37 148 18 156 -4 698 76 39 21 215 123 201 167
"146" 32 83 24 8698 206 -128 134 -34 147 -78 638 74 37 24 204 113 183 143
"147" 79 54 24 6094 200 -20 155 24 160 7 569 62 32 20 175 101 162 132
"148" 79 54 24 6094 200 -20 155 24 160 7 569 62 32 20 175 101 162 132
"149" 79 54 24 6094 200 -20 155 24 160 7 569 62 32 20 175 101 162 132
"150" 79 54 24 6094 200 -20 155 24 160 7 569 62 32 20 175 101 162 132
"151" 79 54 24 6094 200 -20 155 24 160 7 569 62 32 20 175 101 162 132
"152" 79 54 24 6094 200 -20 155 24 160 7 569 62 32 20 175 101 162 132
"153" 74 61 26 6236 201 -32 150 20 156 -1 653 72 37 21 201 116 188 155
"154" 28 85 24 8838 205 -138 130 -38 144 -85 619 72 35 24 201 109 186 135
"155" 28 85 24 8838 205 -138 130 -38 144 -85 619 72 35 24 201 109 186 135
"156" 34 82 24 8606 205 -126 134 -33 146 -76 654 74 38 24 206 117 184 148
"157" 31 84 25 8694 205 -131 132 -35 145 -80 642 74 37 24 206 114 186 143
"158" 31 84 25 8694 205 -131 132 -35 145 -80 642 74 37 24 206 114 186 143
"159" 74 61 26 6236 201 -32 150 20 156 -1 653 72 37 21 201 116 188 155
"160" 74 61 26 6236 201 -32 150 20 156 -1 653 72 37 21 201 116 188 155
"161" 70 67 27 6438 207 -39 147 15 154 -10 623 70 36 20 193 113 178 147
"162" 79 54 24 6094 200 -20 155 24 160 7 569 62 32 20 175 101 162 132
"163" 79 54 24 6094 200 -20 155 24 160 7 569 62 32 20 175 101 162 132
"164" 78 59 25 6203 205 -25 154 23 160 3 582 65 34 20 179 106 163 138
"165" 33 83 25 8391 202 -123 131 -31 143 -74 669 75 39 24 212 121 187 151
"166" 75 62 25 6565 212 -35 155 18 161 -6 498 59 29 22 163 88 149 111
"167" 78 62 25 6501 212 -30 157 21 163 -2 533 62 31 22 172 95 157 119
"168" 72 64 26 6499 208 -36 151 16 157 -8 560 65 33 21 178 102 164 127
"169" 79 61 26 6188 203 -29 153 26 160 4 654 69 35 22 202 115 190 153
"170" 78 61 26 6157 201 -28 152 24 158 3 656 68 35 22 200 116 188 155
"171" 71 61 26 6194 197 -34 146 17 153 -4 690 74 39 21 210 124 197 167
"172" 78 61 25 6444 211 -28 157 22 163 -1 549 62 32 21 174 99 157 125
"173" 73 62 26 6227 200 -34 148 19 155 -2 698 75 39 21 213 124 200 168
"174" 65 73 27 6779 213 -52 144 7 154 -19 570 66 31 23 186 100 175 125
"175" 70 63 25 6313 195 -50 145 14 153 -7 785 86 40 24 251 134 233 178
"176" 70 63 25 6313 195 -50 145 14 153 -7 785 86 40 24 251 134 233 178
"177" 70 63 25 6313 195 -50 145 14 153 -7 785 86 40 24 251 134 233 178
"178" 76 58 25 6132 199 -27 151 21 157 2 612 68 35 20 188 109 176 144
"179" 74 63 26 6242 202 -34 149 20 157 -1 699 75 39 21 215 123 201 168
"180" 74 63 26 6242 202 -34 149 20 157 -1 699 75 39 21 215 123 201 168
"181" 78 59 25 6203 205 -25 154 23 160 3 582 65 34 20 179 106 163 138
"182" 78 61 26 6157 201 -28 152 24 158 3 656 68 35 22 200 116 188 155
"183" 78 61 26 6157 201 -28 152 24 158 3 656 68 35 22 200 116 188 155
"184" 55 69 24 7523 209 -74 144 -6 155 -38 553 69 28 29 193 89 175 118
"185" 78 60 26 6174 202 -27 153 25 159 4 664 68 36 21 199 119 187 161
"186" 33 81 24 8533 203 -124 133 -33 145 -75 684 77 40 24 214 123 189 156
"187" 71 62 23 7068 219 -44 155 11 166 -14 494 58 24 28 166 79 153 110
"188" 77 61 26 6218 205 -27 153 23 159 2 595 68 34 21 185 106 172 139
"189" 74 61 26 6236 201 -32 150 20 156 -1 653 72 37 21 201 116 188 155
"190" 74 61 26 6236 201 -32 150 20 156 -1 653 72 37 21 201 116 188 155
"191" 77 63 26 6239 205 -31 152 22 159 1 647 72 36 22 201 113 187 153
"192" 72 66 25 6703 215 -41 153 14 161 -9 513 60 26 25 168 86 155 111
"193" 33 82 24 8664 206 -127 135 -34 147 -77 644 74 37 25 205 114 183 145
"194" 33 82 24 8664 206 -127 135 -34 147 -77 644 74 37 25 205 114 183 145
"195" 33 82 24 8664 206 -127 135 -34 147 -77 644 74 37 25 205 114 183 145
"196" 34 83 24 8670 208 -126 136 -32 148 -76 635 73 37 25 202 112 180 143
"197" 56 78 28 6792 206 -65 135 0 145 -28 628 73 35 23 207 107 193 136
"198" 75 55 23 6404 204 -30 86 16 159 -2 503 55 28 25 157 88 132 106
"199" 72 66 26 6640 213 -40 152 15 160 -9 514 60 28 23 167 90 156 113
"200" 72 66 26 6640 213 -40 152 15 160 -9 514 60 28 23 167 90 156 113
"201" 33 82 24 8664 206 -127 135 -34 147 -77 644 74 37 25 205 114 183 145
"202" 56 78 28 6794 207 -64 135 1 146 -28 626 72 35 23 206 107 192 136
"203" 56 78 28 6794 207 -64 135 1 146 -28 626 72 35 23 206 107 192 136
"204" 31 84 25 8694 205 -131 132 -35 145 -80 642 74 37 24 206 114 186 143
"205" 78 60 26 6154 201 -28 152 24 158 3 671 69 36 22 203 119 191 161
"206" 79 57 25 6139 203 -23 154 24 160 5 587 66 33 21 182 104 170 137
"207" 79 57 25 6139 203 -23 154 24 160 5 587 66 33 21 182 104 170 137
"208" 79 57 25 6139 203 -23 154 24 160 5 587 66 33 21 182 104 170 137
"209" 35 82 24 8616 206 -124 136 -32 148 -75 656 74 38 25 207 117 183 148
"210" 35 82 24 8616 206 -124 136 -32 148 -75 656 74 38 25 207 117 183 148
"211" 68 70 27 6684 212 -46 148 12 157 -14 557 64 32 21 178 100 168 126
"212" 68 70 27 6684 212 -46 148 12 157 -14 557 64 32 21 178 100 168 126
"213" 68 70 27 6684 212 -46 148 12 157 -14 557 64 32 21 178 100 168 126
"214" 77 62 25 6545 212 -32 156 20 163 -3 503 60 29 23 165 89 151 111
"215" 59 77 28 6767 209 -60 138 4 148 -25 621 72 35 23 203 107 189 137
"216" 79 57 25 6115 201 -23 154 25 159 5 595 64 33 21 183 105 171 139
"217" 56 79 28 6844 208 -66 135 0 146 -29 621 72 34 24 206 105 191 133
"218" 78 60 26 6154 201 -28 152 24 158 3 671 69 36 22 203 119 191 161
"219" 78 60 26 6154 201 -28 152 24 158 3 671 69 36 22 203 119 191 161
"220" 78 60 26 6154 201 -28 152 24 158 3 671 69 36 22 203 119 191 161
"221" 74 61 26 6236 201 -32 150 20 156 -1 653 72 37 21 201 116 188 155
"222" 77 61 26 6218 205 -27 153 23 159 2 595 68 34 21 185 106 172 139
"223" 69 68 26 6678 212 -44 149 12 157 -13 548 63 31 21 175 99 165 124
"224" 69 68 26 6678 212 -44 149 12 157 -13 548 63 31 21 175 99 165 124
"225" 72 55 23 6381 202 -32 82 50 157 -4 526 56 30 25 162 92 135 115
"226" 78 59 25 6202 205 -25 154 24 160 4 585 67 33 21 182 103 169 136
"227" 33 82 24 8664 206 -127 135 -34 147 -77 644 74 37 25 205 114 183 145
"228" 32 83 24 8665 205 -128 133 -34 146 -78 645 74 37 24 206 114 185 144
"229" 78 61 26 6263 208 -26 154 23 161 2 582 65 34 20 179 105 164 138
"230" 78 61 26 6263 208 -26 154 23 161 2 582 65 34 20 179 105 164 138
"231" 79 54 24 6094 200 -20 155 24 160 7 569 62 32 20 175 101 162 132
"232" 74 55 23 6392 203 -31 85 15 158 -3 512 55 29 24 159 90 134 109
"233" 74 55 23 6392 203 -31 85 15 158 -3 512 55 29 24 159 90 134 109
"234" 74 55 23 6392 203 -31 85 15 158 -3 512 55 29 24 159 90 134 109
"235" 71 55 23 6431 202 -34 81 50 157 -5 530 58 29 25 164 91 136 115
"236" 71 55 23 6431 202 -34 81 50 157 -5 530 58 29 25 164 91 136 115
"237" 71 55 23 6431 202 -34 81 50 157 -5 530 58 29 25 164 91 136 115
"238" 54 79 29 6782 205 -66 133 -1 144 -30 645 74 36 23 211 111 196 141
"239" 74 61 26 6236 201 -32 150 20 156 -1 653 72 37 21 201 116 188 155
"240" 79 54 24 6094 200 -20 155 24 160 7 569 62 32 20 175 101 162 132
"241" 79 57 25 6129 201 -23 154 25 160 5 602 64 33 20 184 107 173 141
